-2.261639767087233849e+04
6.376251753939816354e+02
-1.334473384964384195e+02
3.365244970131896565e-03
-2.313600141353653772e+00
1.300628577679095699e+01
-2.456478978213513983e+03
5.116672615918781020e+01
3.746641472717745728e+03
-1.140867125337617608e+03
2.643143921908834727e+03
1.262887482769371672e+03
1.072866872291971504e+03
-1.083649012398705302e+01
1.316854028037328739e+01
5.352538333609345722e-01
1.854151058793515361e+01
-9.966241655902314278e+01
4.157843242641971138e+00
3.946155693627506480e+03
-2.550990207826283722e+02
1.346303056041952186e+04
-3.545570235750932170e+03
-4.918640705198404248e+03
1.223220271615378988e+04
3.170590477563268905e+01
-7.777538110040804042e+01
4.299827964344150359e+02
-6.347171041561847638e-01
-5.530418210335261392e+03